2777103822
1588698049
19011406
2706621985
3018136305
1333656709
205352872
481966155
36045753
188264438
227642743
17189369
2888583159
6484062
51366159
183995510
23614401
767936412
85704883
2888882327
2670513948
703296793
63812431
2988120641
769139376
2704548373
17409528
18654916
2704548373
2704548373
39949647
355509989
1921599894
29823416
1542046002
23051490
2207639850
437207850
209059890
561365226
2704548373
16673
95202913
80881355
5638152
2416199407
2704548373
2704548373
2704548373
2362717849
2787793200
2787793200
2787793200
2787793200
2787793200
2787793200
1600569805
95681862
14220791
1600569805
366901973
64391036
2797960304
2888583159
2888583159
268923375
3044670945
1324310534
60866860
633921267
12992972
1134392858
212230293
2989426084
8850572
2809113025
64190148
64391036
51829103
3005361387
13927862
1277768256
205315827
580716127
2385694734
2385275143
78540665
283071766
519892140
57888537
574983669
302039432
1848037524
2253157548
797105730
9106262
9959012
57738580
9106262
2328692101
2216242399
261704941
27122856
17834814
2328692101
191349533
596512579
143491915
347800209
348717147
1594427790
304959569
2695309224
345443123
2462370589
2155551894
14184671
1366524870
237737876
902419718
902419718
97473160
142614158
129461115
4169361
1585539428
2888583159
532335278
1073761
1121028973
1121028973
298016320
2180761015
2943198931
2943198931
1208548412
32439375
989660929
6652122
1090456682
45484313
61080768
22801141
2787793200
2787793200
2943198931
2888583159
2888583159
3035721529
3035721529
542989698
2704548373
14854767
2328692101
2939997030
15150700
129461115
16786511
2787793200
2787793200
2787793200
93075908
2897498647
2787793200
16896485
2824097977
3035721529
20018237
259235043
140056982
582978507
2824097977
837818228
26476926
299271845
2704548373
1077211
1288823004
1077211
2704548373
272564287
86888909
48563167
2939997030
2704548373
2783943182
2838853995
18025330
14207554
1104080168
2704548373
559830545
12984202
43708448
64551249
2276456719
586469511
2704548373
141741114
759826807
756852379
20715279
89475951
100644677
612861805
16723213
2385694734
142614158
2730750902
2385275143
2541006768
2939394280
23431637
2558988457
69311607
34365420
2648549317
64190148
394688246
87398687
64391036
2704548373
2704548373
111376775
2274838160
14370179
2736117492
1601926004
1601926004
1601926004
1937324407
1601926004
102551914
2597256180
2526943350
2787793200
2787793200
143631692
2341295642
186379017
2898310899
64729275
2328692101
847158949
222569086
160830634
2154455131
836501388
989845394
17615430
607893918
3022198519
2432198954
205360130
378779203
1921599894
1601926004
1601926004
1601926004
1601926004
3063965878
7876572
2876569420
25770215
2727437358
2929802761
2285315834
2255433241
79441012
2612782614
234952336
2876428636
624573159
3030569908
2876667460
2800441922
2929523391
9571502
401456308
2457821562
14309193
2872206402
314998449
2201918845
2547517506
15016604
112935313
386169875
1882793930
187236106
107819999
22405155
208979134
1055551057
81889513
2362707282
283501843
2493475669
28120512
1882793930
381920622
1366415468
1569561948
1366415468
1366415468
140838458
509434816
1539690888
2940059461
1366415468
2759685481
2344531292
53760845
2285272287
96177218
16201842
97029848
1121028973
22058052
71569379
822789336
621515931
297137315
2875031589
20673844
54500294
2875905218
1024213382
135289763
625778277
2938248718
822789336
2888583159
2937607667
468839106
13531352
2479516946
2659464938
2235560467
227423290
77114394
2319610428
382491326
18590697
2319610428
123823540
314779282
2252200914
2299216254
2783081463
2319610428
38403228
1078942999
2939997030
2787793200
2787793200
2787793200
2787793200
86019289
2787793200
2319610428
15585285
219290077
90439860
219290077
2252425400
2804982176
2181765018
2787793200
3022384643
48927755
90664386
1882793930
280924208
297574786
254848414
14171560
56872255
5896422
1358270893
2380770324
2187101448
179953921
3013601070
381920622
1350939920
36042822
43086900
517969234
235715526
53730590
1560349404
145160621
405961717
223733399
205969627
2734535912
18611056
317005231
2818755073
150639661
2866089751
2868694981
64165489
235091780
511740616
64805374
1479351606
2909328665
198317095
133193500
151425202
2585826031
1562679368
960484783
2839522524
2349917270
61422913
2375246508
109200080
2281314234
2943198931
3044159284
2943198931
2888583159
2888583159
3040636779
2876541730
49885833
31601686
1121028973
1121028973
2888882327
2888882327
2888882327
2888882327
2888882327
2840032449
49885833
14090754
146400983
2787793200
7958112
133954572
2943198931
2209814439
337988939
2916117506
2809113025
2828563840
2876541730
2966970892
31340226
36773483
2787793200
2787793200
2787793200
2787793200
2897498647
22511572
15812673
2704548373
2704548373
2704548373
24609329
58785632
546313843
2982980889
1674737485
2896683046
2704548373
2704548373
2965051144
2799940980
2799940980
2799940980
14387914
2799940980
2704548373
2799940980
2416199407
434408534
143064863
546927819
19766774
19766774
63738865
2651343751
372259001
24963440
2318606822
1051900794
363375942
1209477246
590312609
71569379
86649177
1251287736
2704548373
71569379
2993169672
2400750314
2704548373
85001062
2704548373
34589728
2704548373
44027738
37233899
2696866014
2787793200
37434137
257177927
270403965
2432306149
121684992
1453200823
759188480
100793265
2695958274
42669363
2923205548
205569144
6130352
2730750902
165622748
45660717
2768352261
62224472
21547486
181573151
307834860
318062279
351524522
11381212
2689988894
2939997030
14704534
1566211592
2888882327
2706776186
77962713
2597098086
17962401
93193259
2778960242
12478802
2787793200
2787793200
2787793200
2787793200
55570623
2897498647
1566336368
247481405
247481405
12470382
1862439649
142614158
110427495
25814791
16183851
121813258
85001062
444815833
2224170056
480978035
2758931349
517221501
232531747
244083563
2785945148
92765615
8083262
14492887
313998734
113823427
90381147
407813367
48014116
29218236
21573897
539576394
2932802177
2787986361
1674737485
390303683
15047777
393266765
2812806481
356979186
1121028973
1121028973
2812806481
154070813
83115054
2812806481
358039647
15876832
33831872
1601926004
1601926004
1601926004
1601926004
113658751
741023534
11214
29218236
2675490506
963764484
14868388
29354234
23051490
121811629
125811477
406717310
151921927
2837967381
41418096
1298935814
85001062
13322392
411933439
274833352
539576394
2787793200
2787793200
2787793200
2787793200
3035721529
2704548373
29354234
473460618
2704548373
2346325212
2346325212
2704548373
129666751
2704548373
88663585
129666751
1384195608
1141998302
2704548373
3064869676
782349715
1695352080
1175221
20585553
2704548373
369681073
469733438
213505978
15672951
2888583159
3044530548
2724976389
2704548373
2940059461
2704548373
2748268325
2763920711
14685648
22370595
1164873570
377300577
56800772
554757120
554757120
2990570289
1874067290
1853781601
2202443060
2385275143
2385694734
52333987
357739076
201178265
85001062
2905342600
289353249
2888882327
2614558670
1121028973
97185296
2224170056
348717147
1594427790
43591054
326134646
2975604744
2416199407
1746846180
3035721529
2201918845
122917869
55373985
2888583159
2787793200
2787793200
2787793200
2787793200
2787793200
63948391
14570525
1454363125
601542094
2381951954
94816505
66525995
1664500129
54810639
2704548373
2704548373
1951237434
1648631244
202670563
94602573
707119819
2207639850
3064980827
2888583159
2704548373
54810639
2244883620
2888882327
3023196436
2704548373
2704548373
14744259
2502942848
2889174685
2704548373
198483889
128755264
1610662303
19431056
9949272
521887673
14488958
2789276988
258947008
22597401
94111955
45048508
20480106
2458860360
14758647
1000619670
902419718
2795124389
265405310
142614158
2828563840
2906422401
2319610428
2319610428
2319610428
2880079512
401391920
2319610428
2319610428
2156665356
88128098
22836267
1121028973
206321314
1017300746
1307402228
1408264386
2474820182
26493482
17083959
564945086
2900214171
1135264158
17706924
2704548373
102589060
67680366
2859294735
1882793930
13520642
2704548373
1480464205
499694181
2996007251
15797425
2280664934
2966970892
414972626
110467896
25990927
444990431
486970980
2982301241
258947008
146649196
2787793200
2787793200
2787793200
2787793200
2787793200
71569379
14147533
2876667460
146649196
2876428636
13526032
13526032
14475312
1954731864
2395723116
96442116
248885935
72833470
2457821562
85001062
2876448779
2542598958
52188891
100793265
80499433
2984845431
260270176
17876465
15098340
405871371
2762865321
140214236
33560765
401391920
2916102107
2888583159
3030352504
2218135625
2778666152
2842384482
256577819
902419718
2543293982
365045482
2842384482
2453362237
38685317
2787793200
2921897127
145253948
1928065573
220847365
2897645003
2751227098
2984431496
393033324
554489226
115014966
2889326701
2888583159
254068510
2372608384
478843973
21989370
33578369
2201918845
1401395994
83332033
598023748
85001062
2309061726
400798879
2294265054
9099062
9099062
2937607667
235104338
2993203601
2787793200
2787793200
2787793200
2787793200
278057565
234709726
134016555
390199864
2802901478
2990430280
351860076
5809062
2736558153
85001062
2984940916
116490969
562995471
91109381
29157224
142614158
802891368
70040253
2565811100
2738712959
28713541
558147080
511740616
2888882327
2888882327
889044109
1850888701
1601926004
1601926004
1601926004
1601926004
15150700
351208990
2704548373
31601686
1550881915
732549140
194120876
346141129
58631564
2704548373
2878848602
16005692
2821198001
47349124
212170557
2704548373
2799305374
196332092
19455580
408520849
48795798
2704548373
2704548373
2995798199
568263998
10647292
2909328665
580716127
2897645003
831257220
291755663
291755663
14630872
2531776962
312168340
56142049
16269964
3065695222
168627231
27082297
1472823974
2939997030
2787793200
2787793200
2787793200
2787793200
8721662
2326930137
2385275143
2894327242
1874067290
2202443060
2385694734
1853781601
2888583159
19579983
1151481769
137312227
136276078
2993262413
2796910367
39503091
2792000385
121500185
2939997030
2156814806
2800622080
2730750902
2866654388
2787793200
2992683714
26788389
400189636
2990901183
2165856025
15209501
2704548373
3065695222
59115406
495651057
3030312798
1315464918
352671392
2930155729
2704548373
177087665
496947296
57624884
168627231
2984855571
136276078
26695409
2876541730
82954292
2757922450
2363551555
2990941408
17600391
751671661
1121028973
2875983713
3064802877
14260229
102641291
18446765
285515081
23497021
17391354
253554421
2853968602
6212832
33100997
2798041999
15968933
77450756
14198085
2787793200
2787793200
2787793200
1865151836
13637662
7690872
2921492386
96720785
55220314
2987641997
157953350
2704548373
51570722
2889174685
543571791
2787793200
2903999005
47095159
253009712
53223520
2704548373
187236106
2940059461
187236106
2704548373
936079212
2250265428
2966720657
17486989
43112176
2897988570
1271668466
60278384
92091728
2704548373
513660968
312392334
132418958
2921492386
2704548373
485747600
81323231
1713417312
5946402
2933538229
540865351
41670683
2381984762
2319610428
16693331
513660968
122418714
1345324790
2255433241
13055372
2917262590
17870480
2394620647
23051490
107995503
20748873
3065695222
2319610428
49080840
41591665
1270684122
2710843223
26285680
2587051278
2916117506
59115406
136650757
18961852
2333750888
981674707
101957445
1373368518
17409528
257526105
2256354248
147169411
2787793200
2787793200
2787793200
2872216530
2882706752
1397632704
85001062
14304011
37366095
2174997812
488742192
15426758
613746235
2873580064
300476946
191516635
13486
77210004
630214303
2518934157
260661550
2615466410
438797914
126592296
269816639
105910642
196090844
865761804
1504951
12177772
2704548373
478128901
2782202193
38670373
2875189476
2235351945
239169744
87931518
222495558